Patient,Mutation,Node_ID,Mutation_ID,Parent_ID,Patient_ID,Tree_ID,Age,Total_Cells,Sequenced_Cells
AML-01-001,FLT3,1,0,0,0,0,66,949000000000.0,390
AML-01-001,WT1,2,2,1,0,0,66,949000000000.0,3378
AML-01-001,NPM1,3,1,2,0,0,66,949000000000.0,7306
AML-02-001,DNMT3A,1,3,0,1,0,84,209000000000.0,529
AML-02-001,SF3B1,2,16,1,1,0,84,209000000000.0,262
AML-02-001,FLT3,3,0,2,1,0,84,209000000000.0,1226
AML-02-001,RUNX1,4,6,3,1,0,84,209000000000.0,3904
AML-02-001,JAK2,5,19,4,1,0,84,209000000000.0,1716
AML-03-001,FLT3,1,0,0,2,0,59,817000000000.0,1916
AML-03-001,NPM1,2,1,1,2,0,59,817000000000.0,6363
AML-04-001,SF3B1,1,16,0,3,0,76,797000000000.0,180
AML-04-001,SRSF2,2,10,1,3,0,76,797000000000.0,211
AML-04-001,FLT3,3,0,2,3,0,76,797000000000.0,4119
AML-04-001,NRAS,4,5,2,3,0,76,797000000000.0,49
AML-04-001,PTPN11,5,9,3,3,0,76,797000000000.0,895
AML-04-001,WT1,6,2,3,3,0,76,797000000000.0,249
AML-04-001,IDH1,7,7,4,3,0,76,797000000000.0,6
AML-05-001_c,DNMT3A,1,3,0,4,0,48,559000000000.0,205
AML-05-001_c,FLT3,2,0,1,4,0,48,559000000000.0,1035
AML-05-001_c,NRAS,3,5,1,4,0,48,559000000000.0,1043
AML-05-001_c,FLT3,4,0,3,4,0,48,559000000000.0,95
AML-06-001,FLT3,1,0,0,5,0,24,1620000000000.0,984
AML-06-001,NRAS,2,5,0,5,0,24,1620000000000.0,7564
AML-07-001,IDH2,1,8,0,6,0,75,627000000000.0,492
AML-07-001,SRSF2,2,10,1,6,0,75,627000000000.0,834
AML-07-001,RUNX1,3,6,2,6,0,75,627000000000.0,4897
AML-08-001,IDH2,1,8,0,7,0,78,341000000000.0,403
AML-08-001,DNMT3A,2,3,1,7,0,78,341000000000.0,1580
AML-08-001,SRSF2,3,10,2,7,0,78,341000000000.0,2238
AML-09-001,NPM1,1,1,0,8,0,74,599000000000.0,1082
AML-09-001,FLT3,2,0,1,8,0,74,599000000000.0,5807
AML-09-001,KRAS,3,4,1,8,0,74,599000000000.0,391
AML-10-001_c,WT1,1,2,0,9,0,75,962000000000.0,414
AML-10-001_c,GATA2,2,20,1,9,0,75,962000000000.0,442
AML-10-001_c,MPL,3,29,2,9,0,75,962000000000.0,494
AML-10-001_c,SRSF2,4,10,3,9,0,75,962000000000.0,539
AML-10-001_c,FLT3,5,0,4,9,0,75,962000000000.0,472
AML-11-001_c,CBL,1,25,0,10,0,54,262000000000.0,158
AML-11-001_c,TET2,2,17,1,10,0,54,262000000000.0,404
AML-11-001_c,ASXL1,3,11,2,10,0,54,262000000000.0,1080
AML-11-001_c,SRSF2,4,10,3,10,0,54,262000000000.0,1482
AML-12-001,NPM1,1,1,0,11,0,40,674000000000.0,4067
AML-12-001,FLT3,2,0,1,11,0,40,674000000000.0,601
AML-12-001,PTPN11,3,9,1,11,0,40,674000000000.0,1164
AML-13-001,IDH2,1,8,0,12,0,76,90400000000.0,1188
AML-13-001,TP53,2,14,0,12,0,76,90400000000.0,363
AML-13-001,WT1,3,2,1,12,0,76,90400000000.0,1142
AML-13-001,NPM1,4,1,3,12,0,76,90400000000.0,2589
AML-14-001,NPM1,1,1,0,13,0,48,733000000000.0,1713
AML-14-001,KRAS,2,4,1,13,0,48,733000000000.0,1369
AML-14-001,NRAS,3,5,1,13,0,48,733000000000.0,1535
AML-14-001,PTPN11,4,9,1,13,0,48,733000000000.0,1460
AML-15-001,IDH1,1,7,0,14,0,57,779000000000.0,1414
AML-15-001,NPM1,2,1,1,14,0,57,779000000000.0,3941
AML-16-001,IDH1,1,7,0,15,0,57,181000000000.0,1060
AML-16-001,IDH2,2,8,0,15,0,57,181000000000.0,367
AML-16-001,DNMT3A,3,3,1,15,0,57,181000000000.0,3436
AML-17-001,NRAS,1,5,0,16,0,44,233000000000.0,422
AML-17-001,DNMT3A,2,3,1,16,0,44,233000000000.0,1319
AML-17-001,NPM1,3,1,2,16,0,44,233000000000.0,4416
AML-18-001,IDH2,1,8,0,17,0,30,377000000000.0,1183
AML-18-001,RUNX1,2,6,1,17,0,30,377000000000.0,1922
AML-18-001,ASXL1,3,11,2,17,0,30,377000000000.0,3997
AML-19-001,FLT3,1,0,0,18,0,50,576000000000.0,553
AML-19-001,RUNX1,2,6,1,18,0,50,576000000000.0,2356
AML-19-001,WT1,3,2,2,18,0,50,576000000000.0,1654
AML-20-001,DNMT3A,1,3,0,19,0,43,206000000000.0,2401
AML-20-001,NPM1,2,1,1,19,0,43,206000000000.0,1652
AML-20-001,NRAS,3,5,2,19,0,43,206000000000.0,4079
AML-21-001_c,WT1,1,2,0,20,0,56,292000000000.0,89
AML-21-001_c,DNMT3A,2,3,1,20,0,56,292000000000.0,323
AML-21-001_c,NRAS,3,5,2,20,0,56,292000000000.0,1647
AML-21-001_c,NPM1,4,1,3,20,0,56,292000000000.0,2278
AML-22-001,KRAS,1,4,0,21,0,58,258000000000.0,1141
AML-22-001,NRAS,2,5,0,21,0,58,258000000000.0,1234
AML-22-001,NRAS,3,5,1,21,0,58,258000000000.0,90
AML-23-001,WT1,1,2,0,22,0,21,53800000000.0,735
AML-23-001,NRAS,2,5,1,22,0,21,53800000000.0,705
AML-24-001_c,FLT3,1,0,0,23,0,55,362000000000.0,110
AML-24-001_c,TET2,2,17,0,23,0,55,362000000000.0,193
AML-24-001_c,DNMT3A,3,3,2,23,0,55,362000000000.0,165
AML-24-001_c,U2AF1,4,15,3,23,0,55,362000000000.0,453
AML-24-001_c,FLT3,5,0,4,23,0,55,362000000000.0,115
AML-24-001_c,WT1,6,2,5,23,0,55,362000000000.0,551
AML-25-001,EZH2,1,21,0,24,0,74,528000000000.0,461
AML-25-001,ASXL1,2,11,1,24,0,74,528000000000.0,1650
AML-25-001,RUNX1,3,6,2,24,0,74,528000000000.0,2829
AML-25-001,FLT3,4,0,3,24,0,74,528000000000.0,299
AML-26-001,DNMT3A,1,3,0,25,0,47,505000000000.0,2995
AML-26-001,NPM1,2,1,1,25,0,47,505000000000.0,892
AML-26-001,FLT3,3,0,2,25,0,47,505000000000.0,1187
AML-26-001,KRAS,4,4,2,25,0,47,505000000000.0,592
AML-26-001,NRAS,5,5,2,25,0,47,505000000000.0,444
AML-27-001,DNMT3A,1,3,0,26,0,68,441000000000.0,180
AML-27-001,FLT3,2,0,1,26,0,68,441000000000.0,263
AML-27-001,TP53,3,14,2,26,0,68,441000000000.0,740
AML-27-001,NPM1,4,1,3,26,0,68,441000000000.0,2530
AML-28-001,DNMT3A,1,3,0,27,0,63,818000000000.0,309
AML-28-001,IDH1,2,7,1,27,0,63,818000000000.0,1565
AML-28-001,IDH2,3,8,1,27,0,63,818000000000.0,848
AML-28-001,NPM1,4,1,2,27,0,63,818000000000.0,4934
AML-28-001,FLT3,5,0,4,27,0,63,818000000000.0,1596
AML-29-001,ASXL1,1,11,0,28,0,66,162000000000.0,1231
AML-29-001,SRSF2,2,10,1,28,0,66,162000000000.0,2079
AML-29-001,RUNX1,3,6,2,28,0,66,162000000000.0,3620
AML-29-001,IDH2,4,8,3,28,0,66,162000000000.0,360
AML-30-001,DNMT3A,1,3,0,29,0,61,211000000000.0,2173
AML-30-001,NPM1,2,1,1,29,0,61,211000000000.0,325
AML-30-001,NRAS,3,5,2,29,0,61,211000000000.0,121
AML-30-001,IDH2,4,8,3,29,0,61,211000000000.0,259
AML-31-001,NPM1,1,1,0,30,0,62,159000000000.0,2415
AML-31-001,FLT3,2,0,1,30,0,62,159000000000.0,639
AML-31-001,NRAS,3,5,1,30,0,62,159000000000.0,1893
AML-31-001,PTPN11,4,9,1,30,0,62,159000000000.0,412
AML-31-001,WT1,5,2,1,30,0,62,159000000000.0,819
AML-32-001,DNMT3A,1,3,0,31,0,72,507000000000.0,194
AML-32-001,SF3B1,2,16,1,31,0,72,507000000000.0,207
AML-32-001,RUNX1,3,6,2,31,0,72,507000000000.0,682
AML-32-001,FLT3,4,0,3,31,0,72,507000000000.0,6392
AML-33-001,SRSF2,1,10,0,32,0,76,381000000000.0,1344
AML-33-001,IDH2,2,8,1,32,0,76,381000000000.0,1846
AML-33-001,RUNX1,3,6,2,32,0,76,381000000000.0,2845
AML-34-001,KRAS,1,4,0,33,0,43,53000000000.0,267
AML-34-001,NRAS,2,5,0,33,0,43,53000000000.0,693
AML-34-001,SF3B1,3,16,1,33,0,43,53000000000.0,298
AML-35-001,NRAS,1,5,0,34,0,55,265000000000.0,3172
AML-35-001,PTPN11,2,9,0,34,0,55,265000000000.0,374
AML-35-001,FLT3,3,0,1,34,0,55,265000000000.0,428
AML-36-001,FLT3,1,0,0,35,0,61,243000000000.0,1451
AML-36-001,NRAS,2,5,0,35,0,61,243000000000.0,1679
AML-37-001,DNMT3A,1,3,0,36,0,51,645000000000.0,273
AML-37-001,NRAS,2,5,1,36,0,51,645000000000.0,1072
AML-37-001,NPM1,3,1,2,36,0,51,645000000000.0,4527
AML-38-001,NPM1,1,1,0,37,0,58,257000000000.0,117
AML-38-001,IDH1,2,7,1,37,0,58,257000000000.0,395
AML-38-001,IDH2,3,8,1,37,0,58,257000000000.0,360
AML-38-001,FLT3,4,0,2,37,0,58,257000000000.0,95
AML-38-001,KRAS,5,4,2,37,0,58,257000000000.0,2611
AML-38-001,PTPN11,6,9,2,37,0,58,257000000000.0,547
AML-38-001,FLT3,7,0,3,37,0,58,257000000000.0,1476
AML-38-001,KRAS,8,4,3,37,0,58,257000000000.0,34
AML-38-001,NRAS,9,5,3,37,0,58,257000000000.0,1043
AML-38-001,PTPN11,10,9,3,37,0,58,257000000000.0,105
AML-39-001,SF3B1,1,16,0,38,0,55,407000000000.0,1051
AML-39-001,GATA2,2,20,1,38,0,55,407000000000.0,2152
AML-39-001,PTPN11,3,9,2,38,0,55,407000000000.0,3385
AML-40-001,IDH2,1,8,0,39,0,32,803000000000.0,845
AML-40-001,NPM1,2,1,1,39,0,32,803000000000.0,1488
AML-40-001,FLT3,3,0,2,39,0,32,803000000000.0,980
AML-40-001,NRAS,4,5,2,39,0,32,803000000000.0,2370
AML-41-001,TP53,1,14,0,40,0,91,476000000000.0,271
AML-41-001,WT1,2,2,1,40,0,91,476000000000.0,218
AML-41-001,IDH2,3,8,2,40,0,91,476000000000.0,789
AML-41-001,SRSF2,4,10,3,40,0,91,476000000000.0,1706
AML-41-001,KRAS,5,4,4,40,0,91,476000000000.0,311
AML-41-001,NRAS,6,5,4,40,0,91,476000000000.0,1192
AML-41-001,PTPN11,7,9,4,40,0,91,476000000000.0,521
AML-42-001_c,EZH2,1,21,0,41,0,78,164000000000.0,84
AML-42-001_c,NRAS,2,5,1,41,0,78,164000000000.0,417
AML-42-001_c,ASXL1,3,11,2,41,0,78,164000000000.0,1050
AML-42-001_c,RUNX1,4,6,3,41,0,78,164000000000.0,1235
AML-42-001_c,STAG2,5,13,3,41,0,78,164000000000.0,137
AML-42-001_c,RUNX1,6,6,5,41,0,78,164000000000.0,157
AML-43-001,WT1,1,2,0,42,0,30,1060000000000.0,323
AML-43-001,FLT3,2,0,1,42,0,30,1060000000000.0,10819
AML-44-001,RUNX1,1,6,0,43,0,36,300000000000.0,1116
AML-44-001,WT1,2,2,1,43,0,36,300000000000.0,3287
AML-44-001,FLT3,3,0,2,43,0,36,300000000000.0,232
AML-45-001,ASXL1,1,11,0,44,0,63,49200000000.0,1352
AML-45-001,KRAS,2,4,1,44,0,63,49200000000.0,4157
AML-45-001,NRAS,3,5,1,44,0,63,49200000000.0,1039
AML-45-001,NRAS,4,5,2,44,0,63,49200000000.0,490
AML-46-001_c,BCOR,1,12,0,45,0,36,220000000000.0,105
AML-46-001_c,PTPN11,2,9,1,45,0,36,220000000000.0,368
AML-46-001_c,DNMT3A,3,3,2,45,0,36,220000000000.0,1248
AML-46-001_c,NPM1,4,1,3,45,0,36,220000000000.0,3081
AML-47-001,WT1,1,2,0,46,0,57,198000000000.0,359
AML-47-001,FLT3,2,0,1,46,0,57,198000000000.0,1341
AML-47-001,NPM1,3,1,2,46,0,57,198000000000.0,4258
AML-48-001,IDH2,1,8,0,47,0,60,151000000000.0,1374
AML-48-001,KRAS,2,4,0,47,0,60,151000000000.0,356
AML-49-001,NRAS,1,5,0,48,0,53,1440000000000.0,315
AML-49-001,FLT3,2,0,1,48,0,53,1440000000000.0,1105
AML-49-001,NPM1,3,1,2,48,0,53,1440000000000.0,6028
AML-50-001,FLT3,1,0,0,49,0,43,203000000000.0,1901
AML-50-001,NPM1,2,1,1,49,0,43,203000000000.0,6445
AML-51-001,DNMT3A,1,3,0,50,0,46,488000000000.0,660
AML-51-001,NPM1,2,1,1,50,0,46,488000000000.0,2497
AML-51-001,FLT3,3,0,2,50,0,46,488000000000.0,3771
AML-51-001,NRAS,4,5,2,50,0,46,488000000000.0,708
AML-52-001,IDH2,1,8,0,51,0,52,226000000000.0,1323
AML-52-001,NPM1,2,1,1,51,0,52,226000000000.0,2659
AML-52-001,FLT3,3,0,2,51,0,52,226000000000.0,870
AML-53-001,FLT3,1,0,0,52,0,77,336000000000.0,862
AML-53-001,NRAS,2,5,0,52,0,77,336000000000.0,2153
AML-54-001,FLT3,1,0,0,53,0,70,169000000000.0,1848
AML-54-001,ASXL1,2,11,1,53,0,70,169000000000.0,2105
AML-54-001,SRSF2,3,10,2,53,0,70,169000000000.0,3365
AML-55-001,SRSF2,1,10,0,54,0,46,61400000000.0,587
AML-55-001,RUNX1,2,6,1,54,0,46,61400000000.0,108
AML-55-001,IDH1,3,7,2,54,0,46,61400000000.0,25
AML-55-001,ASXL1,4,11,3,54,0,46,61400000000.0,113
AML-55-001,DNMT3A,5,3,4,54,0,46,61400000000.0,754
AML-56-001,IDH2,1,8,0,55,0,46,613000000000.0,6258
AML-57-001,SRSF2,1,10,0,56,0,57,437000000000.0,2988
AML-57-001,NPM1,2,1,1,56,0,57,437000000000.0,2705
AML-58-001,DNMT3A,1,3,0,57,0,73,264000000000.0,1246
AML-58-001,IDH2,2,8,1,57,0,73,264000000000.0,2250
AML-58-001,SRSF2,3,10,2,57,0,73,264000000000.0,3670
AML-59-001,IDH1,1,7,0,58,0,72,243000000000.0,169
AML-59-001,RUNX1,2,6,1,58,0,72,243000000000.0,385
AML-59-001,DNMT3A,3,3,2,58,0,72,243000000000.0,1877
AML-60-001,IDH2,1,8,0,59,0,59,247000000000.0,850
AML-60-001,ASXL1,2,11,1,59,0,59,247000000000.0,1991
AML-60-001,SRSF2,3,10,2,59,0,59,247000000000.0,3693
AML-60-001,FLT3,4,0,3,59,0,59,247000000000.0,885
AML-61-001,NPM1,1,1,0,60,0,42,250000000000.0,405
AML-61-001,NRAS,2,5,1,60,0,42,250000000000.0,498
AML-61-001,PTPN11,3,9,1,60,0,42,250000000000.0,1133
AML-61-001,IDH1,4,7,3,60,0,42,250000000000.0,70
AML-61-001,IDH2,5,8,3,60,0,42,250000000000.0,617
AML-62-001,IDH1,1,7,0,61,0,79,311000000000.0,128
AML-62-001,NPM1,2,1,1,61,0,79,311000000000.0,203
AML-62-001,FLT3,3,0,2,61,0,79,311000000000.0,267
AML-62-001,PTPN11,4,9,2,61,0,79,311000000000.0,3034
AML-63-001,IDH2,1,8,0,62,0,65,550000000000.0,1523
AML-63-001,NPM1,2,1,1,62,0,65,550000000000.0,3850
AML-63-001,FLT3,3,0,2,62,0,65,550000000000.0,1292
AML-63-001,KIT,4,24,2,62,0,65,550000000000.0,1078
AML-64-001,IDH2,1,8,0,63,0,74,540000000000.0,361
AML-64-001,DNMT3A,2,3,1,63,0,74,540000000000.0,958
AML-64-001,SRSF2,3,10,2,63,0,74,540000000000.0,2832
AML-64-001,NRAS,4,5,3,63,0,74,540000000000.0,207
AML-65-001,DNMT3A,1,3,0,64,0,39,671000000000.0,1581
AML-65-001,FLT3,2,0,1,64,0,39,671000000000.0,4634
AML-66-001,ASXL1,1,11,0,65,0,70,482000000000.0,1056
AML-66-001,SRSF2,2,10,1,65,0,70,482000000000.0,1020
AML-66-001,PTPN11,3,9,2,65,0,70,482000000000.0,2242
AML-66-001,NRAS,4,5,3,65,0,70,482000000000.0,1904
AML-67-001_c,DNMT3A,1,3,0,66,0,68,484000000000.0,11
AML-67-001_c,ASXL1,2,11,1,66,0,68,484000000000.0,4
AML-67-001_c,BCOR,3,12,2,66,0,68,484000000000.0,99
AML-67-001_c,STAG2,4,13,2,66,0,68,484000000000.0,17
AML-67-001_c,IDH2,5,8,3,66,0,68,484000000000.0,522
AML-67-001_c,BCOR,6,12,4,66,0,68,484000000000.0,115
AML-67-001_c,U2AF1,7,15,6,66,0,68,484000000000.0,561
AML-67-001_c,KRAS,8,4,7,66,0,68,484000000000.0,786
AML-67-001_c,NRAS,9,5,7,66,0,68,484000000000.0,852
AML-67-001_c,KRAS,10,4,9,66,0,68,484000000000.0,271
AML-67-001_c,TP53,11,14,9,66,0,68,484000000000.0,109
AML-68-001,DNMT3A,1,3,0,67,0,58,323000000000.0,459
AML-68-001,FLT3,2,0,1,67,0,58,323000000000.0,1182
AML-68-001,NPM1,3,1,2,67,0,58,323000000000.0,3294
AML-68-001,KRAS,4,4,3,67,0,58,323000000000.0,551
AML-69-001,NRAS,1,5,0,68,0,76,256000000000.0,4517
AML-69-001,RUNX1,2,6,0,68,0,76,256000000000.0,827
AML-69-001,KRAS,3,4,2,68,0,76,256000000000.0,256
AML-70-001,IDH2,1,8,0,69,0,76,159000000000.0,526
AML-70-001,KRAS,2,4,1,69,0,76,159000000000.0,3023
AML-70-001,SRSF2,3,10,2,69,0,76,159000000000.0,3481
AML-70-001,NRAS,4,5,3,69,0,76,159000000000.0,386
AML-71-001_c,TET2,1,17,0,70,0,70,1650000000000.0,10
AML-71-001_c,DNMT3A,2,3,1,70,0,70,1650000000000.0,11
AML-71-001_c,ASXL1,3,11,2,70,0,70,1650000000000.0,33
AML-71-001_c,NRAS,4,5,3,70,0,70,1650000000000.0,2991
AML-71-001_c,RUNX1,5,6,4,70,0,70,1650000000000.0,582
AML-72-001_c,TET2,1,17,0,71,0,65,465000000000.0,99
AML-72-001_c,PTPN11,2,9,1,71,0,65,465000000000.0,415
AML-72-001_c,DNMT3A,3,3,2,71,0,65,465000000000.0,1292
AML-72-001_c,NPM1,4,1,3,71,0,65,465000000000.0,2770
AML-73-001,SF3B1,1,16,0,72,0,59,334000000000.0,5058
AML-73-001,FLT3,2,0,1,72,0,59,334000000000.0,4513
AML-74-001,NPM1,1,1,0,73,0,59,384000000000.0,3346
AML-74-001,KRAS,2,4,1,73,0,59,384000000000.0,460
AML-74-001,NRAS,3,5,1,73,0,59,384000000000.0,542
AML-74-001,PTPN11,4,9,1,73,0,59,384000000000.0,832
AML-74-001,WT1,5,2,1,73,0,59,384000000000.0,221
AML-75-001,NPM1,1,1,0,74,0,73,167000000000.0,867
AML-75-001,NRAS,2,5,0,74,0,73,167000000000.0,284
AML-75-001,SRSF2,3,10,0,74,0,73,167000000000.0,2415
AML-75-001,EZH2,4,21,2,74,0,73,167000000000.0,1127
AML-76-001,U2AF1,1,15,0,75,0,55,388000000000.0,198
AML-76-001,DNMT3A,2,3,1,75,0,55,388000000000.0,584
AML-76-001,FLT3,3,0,2,75,0,55,388000000000.0,1153
AML-76-001,NRAS,4,5,2,75,0,55,388000000000.0,5405
AML-76-001,FLT3,5,0,4,75,0,55,388000000000.0,327
AML-77-001_c,CBL,1,25,0,76,0,41,440000000000.0,12
AML-77-001_c,SETBP1,2,23,1,76,0,41,440000000000.0,47
AML-77-001_c,U2AF1,3,15,2,76,0,41,440000000000.0,117
AML-77-001_c,IDH2,4,8,3,76,0,41,440000000000.0,250
AML-77-001_c,RUNX1,5,6,4,76,0,41,440000000000.0,657
AML-77-001_c,ASXL1,6,11,5,76,0,41,440000000000.0,1914
AML-77-001_c,DNMT3A,7,3,6,76,0,41,440000000000.0,2525
AML-77-001_c,NRAS,8,5,7,76,0,41,440000000000.0,254
AML-78-001,DNMT3A,1,3,0,77,0,48,179000000000.0,262
AML-78-001,TP53,2,14,0,77,0,48,179000000000.0,3075
AML-78-001,PPM1D,3,22,1,77,0,48,179000000000.0,297
AML-79-001,TP53,1,14,0,78,0,56,181000000000.0,2315
AML-79-001,PPM1D,2,22,1,78,0,56,181000000000.0,106
AML-80-001,TET2,1,17,0,79,0,68,226000000000.0,147
AML-80-001,TP53,2,14,1,79,0,68,226000000000.0,563
AML-80-001,NPM1,3,1,2,79,0,68,226000000000.0,1139
AML-81-001,FLT3,1,0,0,80,0,52,549000000000.0,929
AML-81-001,KRAS,2,4,0,80,0,52,549000000000.0,604
AML-81-001,NRAS,3,5,0,80,0,52,549000000000.0,420
AML-82-001,IDH1,1,7,0,81,0,29,802000000000.0,109
AML-82-001,DNMT3A,2,3,1,81,0,29,802000000000.0,337
AML-82-001,PTPN11,3,9,2,81,0,29,802000000000.0,1159
AML-82-001,NPM1,4,1,3,81,0,29,802000000000.0,3246
AML-82-001,FLT3,5,0,4,81,0,29,802000000000.0,629
AML-83-001,DNMT3A,1,3,0,82,0,61,742000000000.0,655
AML-83-001,IDH2,2,8,1,82,0,61,742000000000.0,9303
AML-84-001,ASXL1,1,11,0,83,0,67,806000000000.0,6
AML-84-001,PHF6,2,26,1,83,0,67,806000000000.0,5
AML-84-001,TET2,3,17,1,83,0,67,806000000000.0,8
AML-84-001,FLT3,4,0,2,83,0,67,806000000000.0,17
AML-84-001,RUNX1,5,6,4,83,0,67,806000000000.0,138
AML-84-001,IDH2,6,8,5,83,0,67,806000000000.0,724
AML-85-001,TET2,1,17,0,84,0,71,242000000000.0,1707
AML-85-001,PPM1D,2,22,1,84,0,71,242000000000.0,676
AML-85-001,TP53,3,14,1,84,0,71,242000000000.0,1920
AML-86-001,GATA2,1,20,0,85,0,22,264000000000.0,718
AML-86-001,MYC,2,27,1,85,0,22,264000000000.0,4648
AML-87-001,FLT3,1,0,0,86,0,59,189000000000.0,119
AML-87-001,WT1,2,2,0,86,0,59,189000000000.0,1162
AML-87-001,MYC,3,27,1,86,0,59,189000000000.0,242
AML-87-001,WT1,4,2,3,86,0,59,189000000000.0,686
AML-88-001,SF3B1,1,16,0,87,0,60,1150000000000.0,103
AML-88-001,FLT3,2,0,1,87,0,60,1150000000000.0,327
AML-88-001,TET2,3,17,2,87,0,60,1150000000000.0,635
AML-88-001,DNMT3A,4,3,3,87,0,60,1150000000000.0,1825
AML-88-001,NPM1,5,1,4,87,0,60,1150000000000.0,3277
AML-89-001,GATA2,1,20,0,88,0,90,374000000000.0,2490
AML-89-001,JAK2,2,19,0,88,0,90,374000000000.0,723
AML-89-001,NRAS,3,5,1,88,0,90,374000000000.0,1092
AML-90-001,TET2,1,17,0,89,0,79,122000000000.0,252
AML-90-001,SF3B1,2,16,1,89,0,79,122000000000.0,336
AML-90-001,NRAS,3,5,2,89,0,79,122000000000.0,341
AML-90-001,NPM1,4,1,3,89,0,79,122000000000.0,201
AML-90-001,PHF6,5,26,4,89,0,79,122000000000.0,489
AML-90-001,TP53,6,14,4,89,0,79,122000000000.0,2079
AML-90-001,CBL,7,25,6,89,0,79,122000000000.0,773
AML-91-001,TET2,1,17,0,90,0,51,786000000000.0,62
AML-91-001,ASXL1,2,11,1,90,0,51,786000000000.0,351
AML-91-001,RUNX1,3,6,2,90,0,51,786000000000.0,225
AML-91-001,KIT,4,24,3,90,0,51,786000000000.0,1121
AML-91-001,PTPN11,5,9,3,90,0,51,786000000000.0,311
AML-91-001,SRSF2,6,10,4,90,0,51,786000000000.0,1159
AML-92-001,RUNX1,1,6,0,91,0,73,472000000000.0,397
AML-92-001,JAK2,2,19,1,91,0,73,472000000000.0,567
AML-92-001,TET2,3,17,1,91,0,73,472000000000.0,1471
AML-92-001,IDH1,4,7,2,91,0,73,472000000000.0,3539
AML-93-001,TET2,1,17,0,92,0,67,158000000000.0,322
AML-93-001,IDH2,2,8,1,92,0,67,158000000000.0,1087
AML-93-001,ASXL1,3,11,2,92,0,67,158000000000.0,1446
AML-93-001,SRSF2,4,10,3,92,0,67,158000000000.0,1526
AML-94-001,TET2,1,17,0,93,0,57,620000000000.0,132
AML-94-001,IDH1,2,7,1,93,0,57,620000000000.0,371
AML-94-001,BCOR,3,12,2,93,0,57,620000000000.0,860
AML-94-001,STAG2,4,13,2,93,0,57,620000000000.0,1801
AML-94-001,SRSF2,5,10,4,93,0,57,620000000000.0,2158
AML-95-001,TET2,1,17,0,94,0,40,365000000000.0,2970
AML-95-001,FLT3,2,0,1,94,0,40,365000000000.0,3446
AML-95-001,IDH1,3,7,1,94,0,40,365000000000.0,327
AML-95-001,SETBP1,4,23,2,94,0,40,365000000000.0,291
AML-96-001,RUNX1,1,6,0,95,0,73,598000000000.0,1067
AML-96-001,FLT3,2,0,1,95,0,73,598000000000.0,483
AML-96-001,KRAS,3,4,1,95,0,73,598000000000.0,192
AML-96-001,NRAS,4,5,1,95,0,73,598000000000.0,2824
AML-97-001,DNMT3A,1,3,0,96,0,70,167000000000.0,347
AML-97-001,NRAS,2,5,1,96,0,70,167000000000.0,1426
AML-97-001,NPM1,3,1,2,96,0,70,167000000000.0,3730
AML-98-001,BCOR,1,12,0,97,0,36,437000000000.0,128
AML-98-001,PTPN11,2,9,1,97,0,36,437000000000.0,1840
AML-98-001,KIT,3,24,2,97,0,36,437000000000.0,1734
AML-98-001,RUNX1,4,6,2,97,0,36,437000000000.0,124
AML-98-001,WT1,5,2,2,97,0,36,437000000000.0,111
AML-98-001,RUNX1,6,6,3,97,0,36,437000000000.0,1086
AML-99-001,DNMT3A,1,3,0,98,0,76,226000000000.0,151
AML-99-001,IDH2,2,8,1,98,0,76,226000000000.0,84
AML-99-001,NRAS,3,5,2,98,0,76,226000000000.0,24
AML-99-001,RUNX1,4,6,2,98,0,76,226000000000.0,1228
AML-99-001,CSF3R,5,18,4,98,0,76,226000000000.0,814
AML-99-001,SRSF2,6,10,4,98,0,76,226000000000.0,1441
AML-100-001,TET2,1,17,0,99,0,56,474000000000.0,64
AML-100-001,DNMT3A,2,3,1,99,0,56,474000000000.0,120
AML-100-001,PTPN11,3,9,2,99,0,56,474000000000.0,282
AML-100-001,SMC3,4,30,2,99,0,56,474000000000.0,379
AML-100-001,IDH2,5,8,3,99,0,56,474000000000.0,1241
AML-100-001,NRAS,6,5,4,99,0,56,474000000000.0,207
AML-100-001,NPM1,7,1,5,99,0,56,474000000000.0,1346
AML-100-001,FLT3,8,0,7,99,0,56,474000000000.0,1524
AML-101-001,TP53,1,14,0,100,0,83,385000000000.0,2693
AML-101-001,KRAS,2,4,1,100,0,83,385000000000.0,161
AML-102-001,FLT3,1,0,0,101,0,61,772000000000.0,127
AML-102-001,WT1,2,2,1,101,0,61,772000000000.0,362
AML-102-001,DNMT3A,3,3,2,101,0,61,772000000000.0,1281
AML-102-001,NPM1,4,1,3,101,0,61,772000000000.0,1569
AML-102-001,GATA2,5,20,4,101,0,61,772000000000.0,1226
AML-103-001,TET2,1,17,0,102,0,67,689000000000.0,141
AML-103-001,U2AF1,2,15,1,102,0,67,689000000000.0,434
AML-103-001,DNMT3A,3,3,2,102,0,67,689000000000.0,1902
AML-103-001,NRAS,4,5,3,102,0,67,689000000000.0,1524
AML-104-001,IDH2,1,8,0,103,0,34,75300000000.0,403
AML-105-001,RUNX1,1,6,0,104,0,82,75300000000.0,123
AML-105-001,DNMT3A,2,3,1,104,0,82,75300000000.0,35
AML-105-001,U2AF1,3,15,2,104,0,82,75300000000.0,126
AML-105-001,NRAS,4,5,3,104,0,82,75300000000.0,336
AML-106-001,TP53,1,14,0,105,0,21,800000000000.0,3116
AML-107-001,TP53,1,14,0,106,0,57,83700000000.0,802
AML-107-001,DNMT3A,2,3,1,106,0,57,83700000000.0,2617
AML-108-001,IDH2,1,8,0,107,0,72,778000000000.0,1791
AML-108-001,NPM1,2,1,1,107,0,72,778000000000.0,1897
AML-108-001,SRSF2,3,10,2,107,0,72,778000000000.0,2325
AML-109-001,IDH2,1,8,0,108,0,69,581000000000.0,1808
AML-109-001,NPM1,2,1,1,108,0,69,581000000000.0,1943
AML-109-001,SRSF2,3,10,2,108,0,69,581000000000.0,2684
AML-110-001,TP53,1,14,0,109,0,67,503000000000.0,2802
AML-110-001,KRAS,2,4,1,109,0,67,503000000000.0,268
AML-111-001,SETBP1,1,23,0,110,0,58,417000000000.0,540
AML-111-001,RUNX1,2,6,1,110,0,58,417000000000.0,1258
AML-111-001,ASXL1,3,11,2,110,0,58,417000000000.0,2483
AML-111-001,WT1,4,2,3,110,0,58,417000000000.0,1969
AML-112-001,TET2,1,17,0,111,0,68,272000000000.0,48
AML-112-001,DNMT3A,2,3,1,111,0,68,272000000000.0,70
AML-112-001,KIT,3,24,2,111,0,68,272000000000.0,393
AML-112-001,NPM1,4,1,3,111,0,68,272000000000.0,385
AML-113-001,NPM1,1,1,0,112,0,79,279000000000.0,693
AML-113-001,STAG2,2,13,0,112,0,79,279000000000.0,217
AML-113-001,DNMT3A,3,3,2,112,0,79,279000000000.0,967
AML-113-001,IDH1,4,7,3,112,0,79,279000000000.0,188
AML-114-001,DNMT3A,1,3,0,113,0,58,200000000000.0,44
AML-114-001,ETV6,2,28,1,113,0,58,200000000000.0,28
AML-114-001,SETBP1,3,23,2,113,0,58,200000000000.0,204
AML-114-001,EZH2,4,21,3,113,0,58,200000000000.0,888
AML-114-001,NRAS,5,5,4,113,0,58,200000000000.0,4865
AML-115-001,IDH2,1,8,0,114,0,71,429000000000.0,690
AML-115-001,DNMT3A,2,3,1,114,0,71,429000000000.0,2205
AML-115-001,SRSF2,3,10,2,114,0,71,429000000000.0,2265
AML-115-001,NPM1,4,1,3,114,0,71,429000000000.0,1296
AML-116-001,TET2,1,17,0,115,0,73,339000000000.0,277
AML-116-001,NPM1,2,1,1,115,0,73,339000000000.0,351
AML-117-001,TP53,1,14,0,116,0,74,172000000000.0,108
AML-117-001,DNMT3A,2,3,1,116,0,74,172000000000.0,117
AML-117-001,IDH2,3,8,2,116,0,74,172000000000.0,496
AML-118-001,TET2,1,17,0,117,0,78,941000000000.0,718
AML-118-001,SRSF2,2,10,1,117,0,78,941000000000.0,474
AML-118-001,NPM1,3,1,2,117,0,78,941000000000.0,540
AML-119-001,SF3B1,1,16,0,118,0,67,324000000000.0,357
AML-119-001,IDH1,2,7,1,118,0,67,324000000000.0,1577
AML-119-001,NPM1,3,1,2,118,0,67,324000000000.0,1952
AML-120-001,SF3B1,1,16,0,119,0,84,327000000000.0,539
AML-120-001,DNMT3A,2,3,1,119,0,84,327000000000.0,1601
AML-120-001,RUNX1,3,6,2,119,0,84,327000000000.0,1657
AML-121-001,DNMT3A,1,3,0,120,0,82,362000000000.0,89
AML-121-001,FLT3,2,0,1,120,0,82,362000000000.0,62
AML-121-001,KRAS,3,4,1,120,0,82,362000000000.0,193
AML-121-001,NPM1,4,1,3,120,0,82,362000000000.0,238
AML-121-001,FLT3,5,0,4,120,0,82,362000000000.0,32
AML-122-001,SF3B1,1,16,0,121,0,77,253000000000.0,1586
AML-122-001,NPM1,2,1,1,121,0,77,253000000000.0,2194
AML-123-001,DNMT3A,1,3,0,122,0,70,279000000000.0,106
AML-123-001,TET2,2,17,1,122,0,70,279000000000.0,152
AML-123-001,U2AF1,3,15,2,122,0,70,279000000000.0,591
AML-123-001,RUNX1,4,6,3,122,0,70,279000000000.0,1195
